0
0
0
0
0
0
2
2
2
2
2
2
2
2
2
3
3
3
3
3
3
3
3
3
5
5
5
5
5
5
5
5
5
5
6
6
6
8
8
8
8
8
8
8
8
16
16
16
16
27
27
27
27
27
27
27
27
27
29
29
29
29
29
29
29
29
29
37
37
37
37
37
37
37
38
38
38
38
38
38
38
38
38
39
39
39
39
39
39
39
39
40
40
40
40
40
40
40
40
40
40
40
40
40
40
40
40
40
40
40
41
41
41
41
41
43
45
45
45
46
47
47
47
48
48
48
49
49
49
50
50
50
52
52
52
52
53
53
53
54
54
54
55
55
55
56
56
56
56
58
58
58
59
59
59
60
60
60
61
61
61
62
62
62
62
62
63
63
63
64
64
64
65
65
65
66
66
66
67
67
67
68
68
68
69
69
69
70
70
70
71
71
71
72
72
72
73
74
74
74
75
75
75
75
76
76
76
77
77
77
78
78
78
79
79
79
79
80
80
80
81
81
81
83
83
83
84
84
84
85
85
85
85
85
86
86
86
87
87
87
89
89
89
89
89
90
90
90
90
90
91
91
91
92
93
96
96
96
97
97
97
98
98
99
99
99
100
100
100
101
101
102
102
103
103
105
105
105
106
106
106
107
107
107
108
108
108
110
110
110
110
110
110
112
114
114
114
114
115
115
115
116
116
116
117
117
117
117
119
119
119
119
120
120
120
120
121
121
121
122
122
122
123
123
123
124
124
124
125
125
125
126
126
126
127
127
127
127
127
127
128
128
128
129
129
129
130
130
130
131
131
131
132
132
132
133
133
133
133
133
134
134
134
134
134
137
137
137
138
138
138
139
139
139
140
140
140
141
141
141
142
142
142
143
143
143
143
144
144
144
144
145
145
145
146
146
146
147
147
147
148
148
148
149
149
149
150
150
150
151
151
151
152
152
152
153
153
153
154
154
154
155
155
155
156
156
156
158
158
158
159
159
159
160
160
160
161
161
161
162
162
162
163
163
163
163
164
164
164
165
165
166
166
166
167
167
167
168
168
169
169
169
170
170
170
171
171
171
171
172
172
172
173
173
173
174
174
174
174
174
174
175
175
175
175
176
176
176
177
177
177
177
178
178
178
178
179
179
179
180
180
180
181
181
181
182
182
182
183
183
183
183
184
184
184
185
185
185
186
186
186
187
187
187
188
188
188
189
189
189
190
190
190
191
191
191
193
193
193
194
194
194
195
195
195
195
195
195
196
196
196
197
197
197
198
198
198
199
199
199
199
199
199
199
201
201
201
202
202
202
202
202
204
204
204
205
205
205
207
207
207
208
208
208
208
208
209
209
209
211
211
211
212
212
212
212
212
212
212
212
212
214
214
214
214
215
215
215
215
215
215
215
215
215
215
215
215
215
215
215
215
215
215
215
215
215
215
215
215
215
215
215
215
215
215
215
215
215
215
215
215
215
215
215
215
215
215
215
215
215
215
215
215
215
215
215
215
215
215
215
215
215
215
215
215
215
215
215
215
215
215
215
215
215
215
215
218
218
218
218
219
219
219
219
219
219
222
222
222
223
223
223
223
226
226
226
226
226
226
226
226
226
226
226
226
227
229
229
229
229
230
230
230
231
231
231
232
232
232
235
235
235
235
236
236
236
236
236
237
237
237
237
238
238
238
239
239
239
239
240
240
240
241
241
241
243
243
243
243
244
244
244
245
245
245
246
246
246
247
247
247
248
248
248
248
248
250
250
250
250
251
251
251
251
252
252
252
252
253
253
253
253
254
254
254
260
261
261
261
261
261
261
261
261
266
266
266
266
266
266
266
266
266
266
266
266
266
266
266
266
266
266
266
266
266
266
266
268
268
272
272
272
272
272
274
274
274
274
278
278
278
280
282
282
282
284
284
284
289
290
290
290
290
291
291
291
293
293
294
294
294
295
295
295
296
296
296
297
297
297
298
298
298
298
299
300
300
300
301
301
301
301
302
302
303
304
304
304
304
304
305
305
306
306
306
307
307
307
308
308
308
309
309
309
309
309
310
311
311
311
312
312
312
313
313
313
313
314
314
314
315
315
315
315
316
316
316
317
318
318
318
319
320
320
320
320
320
321
321
322
322
322
322
323
323
323
323
323
323
323
324
324
324
326
326
327
327
327
328
328
328
329
329
329
331
331
331
332
332
332
332
332
333
333
333
333
334
334
334
335
335
335
335
335
335
336
336
336
336
337
337
337
337
338
338
338
339
339
339
339
339
339
339
339
339
339
339
340
340
340
342
342
342
343
343
343
343
345
345
345
345
346
348
348
348
349
349
351
351
352
352
352
352
353
353
353
354
354
354
354
355
355
355
356
357
357
357
357
358
358
358
358
359
359
359
360
361
361
361
362
362
362
363
363
363
363
364
365
365
365
366
366
366
366
367
367
367
367
369
369
369
370
370
370
372
374
374
374
375
375
375
376
376
376
377
377
377
378
378
378
378
379
379
379
380
380
380
380
381
381
381
381
382
382
382
383
383
383
384
384
384
386
386
386
386
386
387
387
387
388
388
388
388
388
388
388
388
388
388
390
390
390
392
392
392
393
393
393
393
394
394
394
396
396
396
397
397
397
398
398
398
399
399
399
399
399
399
399
399
399
399
399
399
399
400
401
401
401
402
402
402
402
403
403
403
405
405
405
405
406
406
406
406
406
407
407
407
407
407
408
408
408
409
409
409
409
409
410
410
410
411
411
411
411
412
412
412
412
413
413
413
413
413
416
416
416
416
417
417
417
417
418
418
418
419
419
420
420
420
421
421
421
421
422
422
422
423
423
423
423
423
423
423
423
423
423
423
424
424
424
424
424
425
425
425
426
426
426
427
427
427
428
428
428
428
428
428
428
428
429
429
429
429
430
430
430
431
431
431
431
432
432
432
433
433
433
434
434
434
438
439
439
439
439
439
440
440
440
440
440
440
440
440
440
440
440
441
441
441
443
443
444
444
444
445
445
445
446
446
446
447
447
447
447
448
448
448
450
450
450
451
451
452
452
452
452
453
453
453
453
454
454
454
455
455
455
456
456
456
456
457
457
458
458
458
458
460
460
460
460
460
460
460
460
460
461
461
461
462
462
462
463
463
463
464
465
465
465
467
467
467
467
467
467
467
467
467
467
468
468
468
468
468
468
468
468
468
468
468
468
468
468
468
468
468
468
468
468
468
468
468
468
468
470
470
470
471
471
471
471
471
471
471
471
471
471
471
471
471
471
471
471
472
472
472
473
473
473
473
473
474
474
474
475
475
475
476
476
476
477
477
477
477
478
478
478
479
479
479
479
480
481
481
481
481
481
481
481
481
481
481
481
481
481
482
482
482
482
483
483
483
483
484
484
484
485
485
485
485
486
486
486
486
488
488
488
489
489
489
491
491
491
493
493
493
497
497
497
499
499
499
500
500
500
502
502
502
503
503
503
504
504
504
504
505
505
505
506
506
506
506
506
507
507
507
507
508
508
508
509
509
509
510
510
510
510
511
511
511
511
512
512
512
514
514
514
514
515
515
515
515
517
518
518
518
518
519
519
519
520
520
520
520
520
520
521
522
522
522
523
524
524
524
526
526
526
527
527
527
527
528
528
528
529
529
529
530
530
530
531
532
532
532
533
533
533
533
534
535
535
535
535
535
535
535
535
535
535
536
536
537
537
537
538
538
538
538
539
539
540
540
540
541
541
541
542
542
542
542
542
542
542
542
542
542
543
543
543
544
544
544
544
545
545
545
546
547
547
547
547
548
548
548
549
549
549
549
550
550
550
551
551
551
552
552
552
553
555
555
555
556
556
556
556
557
557
557
558
558
558
559
559
559
559
560
560
560
560
560
560
560
561
561
561
561
562
562
562
563
563
563
563
563
563
563
563
564
564
564
564
565
565
565
566
566
566
567
567
567
568
568
568
568
568
569
569
569
570
570
570
571
571
571
571
572
572
572
572
572
572
572
572
573
573
573
575
575
575
576
576
576
576
576
577
577
577
577
577
577
577
577
577
577
577
578
578
578
579
579
579
580
580
580
580
581
581
581
583
583
583
583
583
587
587
587
587
587
588
588
588
589
589
589
589
590
590
590
591
591
591
591
596
596
596
596
597
597
597
597
597
598
598
598
598
598
599
599
599
600
600
600
600
600
600
601
601
603
603
603
604
604
604
604
605
605
605
607
607
607
607
608
608
608
608
609
609
609
609
609
610
610
610
610
610
610
610
611
611
611
612
612
612
612
612
614
614
614
615
615
615
615
620
620
620
620
620
620
626
630
630
630
631
632
633
633
633
633
633
633
634
634
634
634
634
634
634
635
635
635
635
635
636
636
637
637
637
638
638
638
638
639
639
639
639
639
639
639
640
640
640
640
640
641
641
641
642
642
642
643
643
643
643
644
644
644
644
645
645
645
645
645
646
646
646
647
647
647
648
648
648
649
649
649
649
649
649
649
650
650
650
651
651
651
653
653
653
654
654
654
655
655
655
657
657
657
657
662
662
662
663
663
663
663
663
664
664
664
665
665
665
665
665
665
665
665
665
665
665
665
665
665
665
665
665
665
665
665
665
665
665
665
666
666
666
666
667
667
667
667
668
668
668
668
669
669
669
670
670
670
670
671
671
671
671
671
672
672
672
672
673
673
674
674
674
674
675
675
675
675
676
676
676
676
676
676
676
676
676
676
677
677
677
677
678
678
678
678
678
679
679
679
680
680
680
681
681
681
681
682
682
682
682
683
683
683
683
684
684
684
685
685
685
687
687
688
688
688
690
690
690
691
691
692
692
692
692
695
695
695
696
696
696
696
696
696
696
696
696
696
697
697
697
697
697
697
697
698
699
699
699
700
700
700
701
701
701
701
701
702
702
702
703
703
703
703
703
703
703
703
703
704
704
704
704
704
705
705
705
706
706
706
707
707
707
709
709
709
710
710
710
711
711
711
712
712
712
713
713
713
713
713
713
713
713
713
713
713
713
713
713
713
713
714
714
714
714
715
715
715
716
716
716
718
718
718
718
718
718
718
719
719
719
719
719
721
721
721
721
722
722
722
722
725
725
725
726
726
726
727
727
727
728
728
728
729
730
730
730
730
730
730
730
730
730
730
730
730
731
731
731
731
732
732
732
733
733
733
733
736
736
736
736
737
737
737
737
737
737
737
737
737
737
737
737
737
737
737
737
737
737
737
739
739
739
740
740
740
740
741
741
741
742
742
742
742
742
743
743
743
744
744
744
744
745
745
745
746
746
746
746
748
748
748
749
749
749
749
749
749
749
749
749
749
749
749
749
749
749
749
749
749
749
749
749
749
750
750
750
751
751
752
752
752
753
753
753
754
754
754
754
754
755
755
755
755
755
755
755
755
755
755
755
755
755
755
756
756
756
757
757
757
757
758
758
758
759
759
759
759
760
760
760
761
761
761
762
762
762
763
763
763
764
764
764
765
765
765
765
766
766
766
766
766
766
766
766
766
767
767
767
768
768
769
769
769
769
769
770
770
770
770
770
770
770
770
770
770
771
771
771
771
771
771
771
771
773
773
773
774
774
774
774
774
774
774
774
774
774
774
774
774
774
775
775
775
775
775
776
776
776
776
776
777
777
777
780
780
781
785
787
787
787
795
795
798
798
799
799
810
811
811
815
816
816
819
819
819
819
819
819
819
819
819
819
819
819
819
819
819
819
819
819
819
819
819
823
823
823
823
823
823
823
823
827
827
830
830
851
851
851
874
874
875
875
878
878
878
878
878
878
878
878
879
879
886
893
893
893
893
893
919
920
921
922
924
924
925
925
932
934
934
935
935
935
937
937
943
948
948
948
948
948
949
953
953
960
960
960
961
969
972
972
972
975
975
975
975
983
983
988
988
997
997
997
997
997
1001
1007
1007
1008
1008
1008
1009
1009
1009
1009
1010
1010
1010
1010
1010
1010
1013
1013
1019
1023
1024
1024
1024
1027
1027
1028
1028
1028
1028
1028
1028
1028
1028
1048
1048
1048
1048
1048
1048
1048
1048
1062
1069
1073
1076
1076
1076
1078
1078
1078
1079
1079
1082
1084
1084
1084
1085
1089
1093
1093
1093
1095
1095
1096
1096
1101
1108
1108
1109
1109
1109
1109
1109
1109
1114
1114
1114
1114
1114
1114
1114
1118
1118
1118
1118
1118
1118
1118
1118
1118
1118
1118
1118
1118
1118
1118
1118
1118
1118
1118
1118
1118
1118
1118
1118
1136
1136
1136
1139
1139
1139
1139
1142
1146
1150
1150
1150
1152
1152
1154
1159
1160
1160
1160
1160
1184
1185
1185
1188
1188
1188
1188
1188
1188
1188
1188
1188
1188
1188
1188
1188
1188
1188
1188
1189
1189
1189
1189
1189
1264
1265
1279
1279
1279
1362
1362
1362
1362
1362
1363
1363
1363
1565
1565
1565
1565
1565
1572
1572
1572
1572
1575
1575
1575
1575
1575
1575
1575
1575
1575
1575
1577
1577
1577
1577
1578
1585
1585
1585
1589
1589
1591
1591
1591
1591
1592
1592
1592
1592
1592
1592
1592
1592
1592
1592
1596
1596
1596
1596
1596
1596
1596
1598
1599
1599
1601
1601
1601
1601
1601
1601
1601
1601
1601
1601
1601
1601
1601
1601
1601
1601
1601
1601
1602
1602
1602
1603
1603
1603
1603
1603
1603
1603
1603
1603
1603
1603
1603
1603
1603
1603
1603
1604
1604
1604
1604
1604
1604
1604
1604
1604
1604
1604
1604
1604
1604
1604
1604
1604
1604
1604
1604
1604
1604
1604
1604
1604
1605
1605
1605
1605
1605
1610
1610
1616
1622
1622
1623
1623
1625
1625
1625
1625
1625
1625
1627
1627
1627
1627
1627
1627
1627
1627
1628
1628
1628
1628
1628
1630
1630
1630
1630
1632
1632
1632
1632
1632
1632
1632
1633
1633
1633
1633
1636
1636
1636
1636
1636
1642
1642
1642
1645
1645
1645
1645
1645
1645
1645
1645
1645
1645
1645
1645
1645
1645
1645
1645
1645
1645
1645
1645
1645
1645
1645
1645
1645
1645
1647
1647
1752
1984
1984
1984
1993
1993
2047
2086
2086
2086
2292
2292
2292
2348
2348
2348
2348
2351
2351
2351
2502
2502
2502
2502
2502
2502
2502
2502
2502
2502
2502
2502
2502
2502
2502
2502
2545
2545
2632
2632
2695
2695
2695
2695
2695
2695
2695
2695
2695
2695
2695
2695
2695
2695
2695
2695
2695
2733
2733
2734
2734
2734
2734
2734
2734
2734
2734
2734
2734
2734
2734
2734
2734
2734
2734
2734
2734
2735
2735
2735
2735
2735
2735
2735
2738
2738
2741
2741
2741
2741
2741
2747
2748
2748
2748
2748
2748
2748
2749
2749
2749
2749
2749
2749
2749
2749
2749
2749
2749
2749
2749
2751
2751
2751
2751
2751
2751
2751
2751
2753
2753
2753
2753
2753
2753
2753
2753
2753
2753
2753
2753
2753
2753
2753
2753
2755
2763
2763
2763
2763
2763
2763
2763
2764
2764
2766
2766
2771
2772
2773
2773
2773
2773
2773
2773
2773
2775
2775
2775
2775
2775
2775
2775
2784
2784
2784
2784
2784
2784
2784
2789
2789
2789
2792
2792
2792
2792
2792
2792
2792
2795
2807
2807
2807
2807
2807
2807
2817
2817
2829
2829
2829
2829
2829
2853
2853
2853
2853
2853
2873
2886
2886
2886
2886
2886
2886
2886
2886
2918
2918
3726
3726
3734
3734
3734
3734
3734
3757
3757
3760
3761
3761
3761
3761
3761
3761
3762
3762
3762
3762
3762
4293
4302
4302
4302
4302
4302
4302
4331
4331
4331
4398
4403
4403
4403
4403
4403
4420
4420
4450
4457
4465
4465
4465
4507
4512
4512
4720
4720
4720
4720
4720
4725
4725
4725
4725
4725
4725
4726
4726
4726
4738
4738
4738
4738
4738
4738
4738
4738
4738
4739
4739
4743
4744
4744
4744
4745
4745
4745
4745
4745
4745
4746
4746
4746
4747
4747
4747
4748
4748
4748
4749
4749
4749
4749
4749
4749
4749
4749
4749
4749
4751
4752
4752
4752
4752
4752
4754
4754
4754
4754
4754
4754
4754
4754
4754
4754
4754
4754
4754
4754
4754
4754
4754
4756
4756
4756
4756
4756
4756
4756
4756
4758
4759
4759
4759
4759
4759
4759
4759
4759
4760
4760
4760
4760
4763
4763
4766
4766
4766
4766
4766
4766
4770
4770
4770
4770
4770
4770
4772
4772
4773
4774
4774
4774
4774
4774
4774
4775
4793
4793
4793
4793
4793
4793
4793
4793
4793
4793
4793
4794
4794
4795
4795
4795
4795
4795
4795
4795
4795
4795
4795
4795
4796
4796
4796
4796
4796
4796
4796
4796
4796
4796
4796
4797
4797
4797
4797
4797
4797
4797
4797
4797
4797
4797
4798
4798
4798
4798
4798
4798
4798
4798
4798
4798
4798
4799
4799
4799
4799
4799
4799
4799
4799
4799
4799
4799
4800
4800
4800
4800
4800
4800
4800
4800
4800
4800
4800
4801
4801
4802
4802
4802
4802
4802
4802
4802
4802
4802
4802
4802
4802
4803
4803
4803
4803
4803
4803
4803
4803
4803
4803
4803
4804
4804
4804
4804
4804
4804
4804
4804
4804
4804
4804
4805
4805
4806
4806
4806
4806
4806
4806
4806
4806
4806
4806
4806
4807
4807
4807
4807
4807
4807
4807
4807
4807
4807
4807
4808
4808
4808
4808
4808
4808
4808
4808
4808
4808
4808
4809
4809
4809
4809
4809
4809
4809
4809
4809
4809
4809
4810
4810
4810
4810
4810
4810
4810
4810
4810
4810
4810
4811
4811
4812
4812
4812
4812
4812
4812
4812
4812
4812
4812
4812
4813
4813
4813
4813
4813
4813
4813
4813
4813
4813
4813
4814
4814
4815
4815
4816
4816
4816
4816
4816
4816
4816
4816
4816
4816
4816
4817
4817
4817
4817
4817
4817
4817
4817
4817
4817
4817
4818
4818
4818
4818
4818
4818
4818
4818
4818
4818
4818
4819
4819
4819
4819
4819
4819
4819
4819
4819
4819
4819
4820
4820
4821
4821
4821
4821
4821
4821
4821
4821
4821
4821
4821
4822
4822
4822
4822
4822
4822
4822
4822
4822
4822
4822
4823
4823
4823
4823
4823
4823
4823
4823
4823
4823
4823
4824
4824
4824
4824
4824
4824
4824
4824
4824
4824
4824
4825
4825
4825
4825
4825
4825
4825
4825
4825
4825
4825
4826
4826
4827
4827
4827
4827
4827
4827
4827
4827
4827
4827
4827
4828
4828
4828
4828
4828
4828
4828
4828
4828
4828
4828
4829
4829
4829
4829
4829
4829
4829
4829
4829
4829
4829
4830
4830
4831
4831
4831
4831
4831
4831
4831
4831
4831
4831
4831
4832
4832
4833
4833
4834
4834
4834
4834
4834
4834
4834
4834
4834
4834
4834
4835
4835
4835
4835
4835
4835
4835
4835
4835
4835
4835
4836
4836
4837
4837
4838
4838
4838
4838
4838
4838
4838
4838
4838
4838
4838
4839
4839
4839
4839
4839
4839
4839
4839
4839
4839
4839
4840
4840
4840
4840
4840
4840
4840
4840
4840
4840
4840
4841
4841
4841
4841
4841
4841
4841
4841
4841
4841
4841
4842
4842
4842
4842
4842
4842
4842
4842
4842
4842
4842
4843
4843
4844
4844
4844
4844
4844
4844
4844
4844
4844
4844
4844
4845
4845
4845
4845
4845
4845
4845
4845
4845
4845
4845
4846
4846
4847
4847
4847
4847
4847
4847
4847
4847
4847
4847
4847
4848
4848
4848
4848
4848
4848
4848
4848
4848
4848
4848
4849
4849
4849
4849
4849
4849
4849
4849
4849
4849
4849
4850
4850
4851
4851
4851
4851
4851
4851
4851
4851
4851
4851
4851
4852
4852
4852
4852
4853
4853
4853
4853
4853
4853
4853
4853
4853
4853
4853
4854
4854
4855
4857
4860
4860
4860
4860
4861
4863
4863
4863
4863
4863
4863
4863
4863
4863
4863
4864
4865
4868
4868
4868
4868
4868
4868
4868
4868
4868
4868
4868
4868
4868
4868
4868
4868
4868
4868
4868
4868
4870
4870
4870
4874
4878
4887
4887
4887
4887
4896
4906
4906
4906
4906
4906
4906
4906
4906
4906
4906
4906
4906
4906
4906
4906
4906
4906
4908
4908
4908
4908
4908
4911
4911
4911
4911
4911
4911
4911
4911
4911
4911
4911
4911
4911
4911
4911
4911
4911
4911
4911
4913
4913
4914
4914
4914
4915
4915
4915
4915
4915
4915
4915
4915
4915
4915
4915
4919
4919
4919
4919
4919
4919
4919
4921
4925
4925
4925
4925
4925
4925
4942
4942
4942
4942
4942
4942
4942
4942
4942
4942
4942
4942
4942
4942
4942
4942
4944
4944
4944
4945
4945
4945
4946
4946
4946
4946
4946
4956
4956
4957
4957
4957
4962
4962
4962
4962
4962
4976
4977
4977
4977
4977
4977
4978
4978
4978
4978
4978
4979
4980
4981
4982
4983
4984
4985
4986
4987
4988
4988
4988
4988
4988
4989
4989
4989
4989
4989
4990
4991
4992
4993
4994
4995
4996
4996
4996
4996
4996
4996
4996
4996
4997
4997
4997
4997
4997
4998
4999
5000
5001
5002
5003
5004
5005
5006
5007
5008
5009
5010
5011
5012
5013
5014
5015
5016
5017
5018
