0 224 1
1 183 1
1 225 1
2 127 1
2 58 1
3 221 1
3 169 1
4 120 1
4 121 1
4 15 1
4 135 1
4 255 1
4 258 1
4 100 1
4 11 1
5 183 1
5 225 1
6 0 1
6 162 1
7 256 1
8 224 1
9 121 1
9 118 1
9 266 1
9 267 1
9 265 1
9 7 1
9 39 1
9 221 1
10 224 1
11 52 1
12 120 1
12 127 1
12 58 1
12 27 1
12 57 1
13 100 1
13 274 1
13 304 1
13 214 1
13 16 1
14 97 1
14 118 1
15 224 1
16 183 1
16 225 1
17 43 1
17 95 1
17 294 1
18 225 1
18 183 1
19 308 1
19 136 1
20 20 1
20 170 1
21 3 1
22 183 1
22 225 1
23 145 1
24 225 1
25 183 1
25 225 1
26 59 1
26 142 1
26 4 1
26 95 1
26 107 1
27 183 1
27 225 1
28 1 1
29 59 1
29 299 1
29 326 1
29 142 1
29 4 1
30 0 1
30 162 1
30 186 1
30 47 1
30 250 1
30 87 1
30 95 1
30 107 1
31 3 1
31 5 1
32 166 1
33 175 1
34 95 1
34 105 1
34 107 1
34 0 1
34 162 1
34 186 1
34 330 1
35 0 1
35 330 1
35 274 1
35 162 1
35 186 1
36 250 1
36 0 1
36 162 1
36 186 1
36 330 1
36 274 1
36 59 1
36 299 1
36 326 1
36 142 1
36 4 1
37 170 1
38 204 1
39 225 1
39 224 1
40 170 1
41 127 1
41 120 1
42 183 1
42 225 1
43 309 1
43 330 1
43 101 1
44 224 1
45 296 1
46 227 1
46 226 1
46 228 1
46 88 1
46 8 1
46 170 1
46 273 1
46 178 1
46 132 1
46 192 1
46 229 1
47 120 1
47 319 1
47 127 1
48 225 1
49 248 1
50 0 1
51 23 1
51 0 1
51 115 1
51 252 1
52 121 1
52 15 1
53 224 1
54 183 1
54 225 1
55 183 1
55 225 1
56 224 1
57 224 1
58 224 1
59 121 1
59 249 1
60 170 1
60 70 1
60 71 1
60 214 1
61 43 1
61 107 1
62 183 1
62 225 1
63 250 1
63 59 1
63 299 1
63 326 1
63 261 1
63 142 1
63 4 1
63 62 1
63 43 1
64 183 1
64 225 1
65 127 1
65 58 1
65 27 1
66 170 1
67 121 1
67 120 1
67 289 1
68 183 1
68 225 1
69 224 1
70 183 1
70 225 1
71 224 1
72 0 1
72 163 1
73 107 1
74 225 1
75 301 1
76 296 1
76 297 1
77 3 1
77 5 1
78 240 1
79 127 1
80 224 1
81 142 1
81 4 1
82 225 1
82 21 1
83 20 1
83 170 1
84 330 1
84 225 1
85 0 1
86 225 1
87 262 1
87 38 1
88 225 1
89 183 1
89 225 1
90 75 1
90 121 1
91 251 1
92 224 1
93 120 1
93 328 1
94 120 1
94 127 1
95 163 1
95 264 1
96 124 1
96 28 1
96 181 1
96 205 1
96 280 1
97 0 1
98 170 1
99 0 1
99 142 1
99 4 1
99 330 1
99 162 1
99 186 1
99 274 1
100 0 1
100 330 1
100 59 1
100 333 1
100 162 1
100 142 1
101 120 1
101 127 1
101 58 1
102 43 1
102 142 1
103 318 1
103 278 1
104 95 1
104 107 1
105 296 1
105 297 1
105 221 1
105 232 1
105 117 1
106 0 1
106 59 1
106 330 1
106 142 1
106 4 1
107 183 1
107 225 1
108 120 1
108 127 1
108 58 1
109 0 1
109 330 1
109 316 1
109 69 1
109 72 1
110 0 1
110 162 1
110 59 1
110 299 1
110 326 1
110 186 1
110 257 1
110 278 1
110 165 1
110 179 1
110 163 1
111 225 1
112 330 1
113 224 1
114 322 1
115 183 1
115 225 1
116 170 1
116 71 1
117 120 1
117 319 1
117 257 1
117 127 1
117 27 1
118 42 1
118 206 1
119 162 1
120 319 1
120 57 1
121 76 1
122 250 1
122 47 1
123 170 1
124 251 1
125 118 1
125 55 1
126 0 1
126 330 1
126 59 1
126 299 1
127 330 1
128 183 1
128 225 1
129 224 1
130 127 1
130 58 1
131 16 1
132 330 1
133 225 1
134 183 1
134 225 1
135 300 1
135 121 1
135 169 1
136 59 1
136 299 1
136 326 1
136 261 1
136 43 1
136 142 1
137 93 1
137 74 1
137 61 1
137 81 1
138 162 1
138 330 1
138 316 1
139 251 1
140 170 1
141 183 1
141 225 1
142 224 1
143 183 1
143 225 1
144 183 1
144 225 1
145 251 1
146 183 1
146 225 1
147 127 1
147 58 1
148 224 1
149 100 1
150 325 1
150 284 1
151 183 1
151 225 1
152 225 1
152 183 1
153 240 1
154 225 1
155 333 1
155 95 1
155 43 1
156 224 1
157 183 1
157 225 1
158 58 1
158 120 1
158 127 1
158 77 1
158 257 1
159 142 1
159 4 1
160 183 1
160 225 1
161 59 1
161 299 1
162 212 1
163 120 1
164 330 1
165 183 1
165 225 1
166 225 1
167 95 1
167 107 1
167 186 1
167 162 1
167 0 1
167 330 1
168 296 1
168 221 1
168 118 1
168 169 1
168 151 1
168 94 1
169 0 1
169 162 1
169 186 1
169 142 1
170 224 1
171 77 1
171 58 1
171 127 1
171 138 1
171 257 1
171 27 1
172 59 1
172 299 1
172 326 1
172 261 1
172 43 1
172 95 1
173 183 1
173 225 1
174 59 1
174 299 1
174 326 1
175 183 1
175 225 1
176 224 1
177 240 1
177 303 1
178 224 1
179 102 1
179 91 1
180 221 1
180 169 1
180 148 1
180 296 1
180 36 1
181 127 1
181 58 1
182 127 1
183 83 1
184 120 1
185 127 1
185 57 1
186 296 1
186 297 1
187 170 1
188 126 1
188 45 1
188 9 1
188 10 1
189 225 1
190 127 1
190 58 1
191 78 1
191 50 1
192 59 1
192 299 1
192 326 1
192 95 1
193 3 1
193 5 1
194 253 1
195 127 1
196 225 1
197 3 1
198 127 1
198 58 1
199 262 1
199 120 1
200 183 1
200 225 1
201 95 1
201 107 1
201 0 1
202 183 1
202 225 1
203 227 1
203 240 1
204 225 1
205 170 1
206 59 1
206 299 1
207 225 1
208 221 1
208 291 1
208 68 1
208 222 1
208 197 1
208 232 1
208 118 1
208 266 1
208 267 1
208 265 1
208 7 1
208 39 1
209 0 1
209 107 1
209 162 1
210 115 1
210 167 1
210 121 1
210 120 1
210 305 1
210 117 1
210 118 1
210 209 1
210 127 1
211 330 1
211 274 1
212 127 1
213 0 1
213 31 1
213 62 1
213 95 1
214 95 1
214 107 1
215 221 1
215 291 1
215 222 1
215 68 1
215 197 1
215 232 1
215 169 1
215 36 1
216 208 1
216 330 1
217 127 1
217 58 1
217 27 1
218 120 1
219 115 1
219 200 1
220 59 1
220 299 1
220 326 1
220 142 1
220 4 1
221 224 1
222 77 1
223 319 1
223 127 1
223 58 1
223 27 1
224 225 1
225 59 1
225 0 1
225 162 1
225 186 1
225 299 1
225 326 1
225 4 1
225 142 1
226 183 1
226 225 1
227 142 1
228 330 1
228 274 1
228 0 1
228 162 1
229 71 1
229 240 1
230 251 1
231 0 1
231 142 1
231 4 1
231 274 1
231 95 1
232 224 1
233 225 1
233 183 1
234 59 1
234 299 1
234 326 1
234 95 1
235 127 1
235 27 1
236 2 1
236 134 1
236 172 1
236 115 1
236 292 1
236 252 1
236 56 1
236 49 1
237 1 1
237 282 1
237 193 1
238 297 1
238 296 1
238 104 1
239 118 1
239 266 1
239 267 1
239 265 1
239 7 1
239 39 1
239 221 1
239 291 1
239 68 1
239 222 1
239 197 1
239 232 1
240 57 1
241 183 1
241 225 1
242 103 1
242 224 1
243 225 1
244 59 1
244 95 1
244 107 1
244 0 1
244 186 1
245 224 1
246 120 1
246 289 1
246 116 1
246 128 1
247 127 1
247 58 1
248 0 1
248 186 1
248 162 1
248 59 1
248 4 1
248 326 1
248 299 1
248 142 1
249 183 1
249 225 1
250 251 1
251 59 1
251 299 1
251 326 1
251 32 1
251 261 1
252 224 1
253 224 1
254 0 1
254 162 1
254 186 1
254 142 1
255 299 1
255 59 1
256 263 1
256 128 1
257 127 1
257 58 1
258 224 1
259 225 1
259 224 1
260 0 1
260 59 1
260 299 1
260 326 1
260 142 1
260 4 1
260 162 1
260 186 1
261 224 1
262 27 1
263 34 1
264 224 1
264 225 1
265 224 1
266 257 1
267 224 1
268 210 1
269 127 1
269 58 1
270 127 1
270 58 1
271 195 1
272 118 1
272 120 1
273 225 1
273 183 1
274 183 1
274 225 1
275 183 1
275 225 1
276 177 1
276 72 1
276 330 1
277 225 1
278 195 1
278 256 1
279 199 1
279 92 1
280 183 1
280 225 1
281 225 1
282 62 1
283 224 1
284 59 1
284 299 1
285 183 1
285 225 1
286 224 1
287 3 1
287 5 1
288 0 1
288 162 1
288 250 1
288 186 1
288 33 1
288 107 1
288 32 1
288 294 1
288 62 1
288 95 1
289 27 1
290 323 1
291 224 1
292 103 1
292 224 1
293 37 1
293 201 1
294 330 1
294 0 1
294 95 1
294 105 1
294 107 1
294 162 1
295 159 1
295 3 1
296 170 1
297 0 1
297 186 1
297 162 1
297 142 1
298 115 1
298 127 1
298 58 1
298 27 1
299 183 1
299 225 1
300 188 1
300 120 1
300 57 1
300 127 1
300 58 1
301 224 1
302 115 1
302 252 1
302 182 1
302 172 1
303 224 1
304 224 1
305 0 1
305 162 1
305 186 1
305 95 1
305 105 1
306 121 1
306 261 1
306 15 1
307 65 1
308 305 1
308 56 1
309 224 1
310 117 1
310 197 1
310 221 1
310 236 1
310 327 1
310 6 1
310 203 1
310 112 1
310 268 1
311 183 1
311 225 1
312 142 1
312 4 1
313 59 1
313 142 1
313 4 1
313 95 1
314 183 1
314 225 1
315 170 1
315 71 1
316 127 1
317 127 1
317 58 1
318 211 1
318 328 1
318 113 1
318 274 1
318 86 1
318 85 1
318 213 1
318 194 1
319 183 1
319 225 1
320 0 1
320 125 1
320 240 1
321 59 1
321 142 1
321 4 1
321 107 1
321 186 1
321 162 1
321 0 1
321 274 1
322 225 1
323 263 1
324 279 1
325 251 1
326 183 1
326 225 1
327 170 1
328 127 1
328 58 1
328 27 1
329 127 1
329 17 1
330 224 1
331 183 1
331 225 1
332 127 1
332 58 1
332 27 1
333 170 1
334 142 1
334 4 1
334 95 1
335 223 1
336 127 1
336 58 1
337 251 1
338 83 1
339 330 1
339 0 1
339 59 1
339 299 1
339 326 1
339 316 1
340 59 1
340 0 1
340 299 1
340 326 1
340 95 1
341 163 1
342 225 1
343 224 1
344 0 1
344 142 1
344 4 1
344 95 1
345 0 1
345 59 1
345 299 1
345 326 1
346 225 1
347 224 1
348 250 1
348 59 1
348 299 1
348 326 1
348 261 1
348 62 1
348 95 1
348 187 1
348 276 1
348 281 1
349 121 1
349 256 1
350 127 1
350 58 1
351 259 1
351 30 1
351 297 1
351 302 1
351 296 1
351 295 1
351 260 1
351 298 1
351 86 1
351 221 1
351 36 1
351 118 1
351 115 1
351 121 1
351 35 1
351 306 1
351 63 1
351 219 1
351 96 1
351 108 1
351 81 1
351 131 1
351 331 1
351 84 1
351 154 1
351 320 1
351 290 1
351 110 1
351 174 1
351 233 1
351 54 1
351 53 1
351 89 1
351 155 1
351 261 1
351 156 1
351 217 1
351 83 1
351 82 1
351 234 1
351 235 1
351 122 1
352 121 1
352 305 1
352 120 1
352 316 1
352 190 1
353 191 1
353 314 1
353 287 1
353 129 1
353 240 1
353 173 1
353 313 1
354 119 1
354 207 1
355 330 1
356 3 1
357 224 1
358 224 1
359 183 1
359 225 1
360 3 1
361 224 1
362 0 1
362 142 1
363 329 1
364 183 1
364 225 1
365 180 1
365 160 1
366 224 1
367 109 1
367 315 1
368 170 1
368 168 1
369 224 1
370 127 1
370 58 1
370 120 1
370 27 1
371 95 1
371 107 1
371 43 1
372 225 1
373 230 1
373 241 1
373 288 1
373 254 1
374 170 1
375 225 1
376 100 1
377 225 1
378 183 1
378 225 1
379 170 1
379 20 1
379 71 1
379 26 1
380 59 1
380 299 1
380 326 1
380 95 1
381 183 1
381 225 1
382 3 1
383 224 1
384 58 1
385 0 1
385 59 1
385 299 1
385 326 1
385 142 1
385 4 1
385 95 1
386 0 1
386 95 1
387 163 1
388 0 1
388 330 1
388 142 1
388 4 1
388 274 1
388 105 1
388 106 1
388 107 1
388 316 1
389 224 1
390 127 1
390 58 1
391 3 1
391 5 1
392 209 1
392 211 1
393 59 1
393 299 1
394 227 1
394 176 1
395 224 1
395 225 1
396 225 1
397 59 1
397 299 1
397 326 1
397 95 1
398 224 1
399 59 1
399 299 1
399 326 1
399 95 1
400 127 1
400 58 1
401 0 1
401 330 1
401 143 1
401 73 1
401 59 1
401 79 1
401 286 1
401 152 1
401 324 1
401 146 1
401 142 1
401 4 1
401 277 1
402 59 1
402 299 1
402 326 1
402 142 1
403 142 1
403 4 1
403 196 1
403 147 1
403 198 1
403 95 1
404 127 1
404 58 1
405 183 1
405 225 1
406 103 1
406 224 1
407 183 1
407 225 1
408 224 1
409 120 1
410 103 1
410 224 1
411 57 1
412 183 1
412 225 1
413 238 1
414 0 1
414 59 1
414 142 1
414 4 1
415 0 1
415 162 1
415 186 1
415 142 1
416 225 1
416 183 1
417 183 1
417 225 1
418 117 1
418 123 1
419 44 1
420 312 1
420 19 1
421 121 1
421 120 1
422 0 1
422 162 1
422 186 1
423 251 1
424 120 1
424 127 1
424 58 1
425 16 1
425 275 1
426 183 1
426 225 1
427 0 1
427 162 1
427 186 1
427 330 1
428 170 1
429 224 1
430 127 1
430 58 1
431 170 1
432 296 1
432 297 1
433 245 1
433 246 1
433 83 1
433 217 1
433 82 1
433 218 1
433 86 1
433 220 1
433 185 1
433 242 1
433 310 1
433 121 1
433 118 1
434 225 1
435 183 1
435 225 1
436 103 1
436 224 1
437 183 1
437 225 1
438 170 1
439 237 1
439 321 1
439 307 1
439 191 1
439 12 1
440 332 1
440 40 1
441 274 1
441 330 1
441 0 1
441 162 1
441 186 1
442 120 1
442 127 1
443 59 1
443 299 1
443 326 1
443 95 1
444 183 1
444 225 1
445 224 1
446 29 1
447 0 1
447 162 1
447 186 1
447 330 1
447 274 1
447 316 1
447 69 1
448 224 1
449 3 1
450 224 1
451 121 1
452 107 1
453 165 1
453 179 1
453 163 1
453 161 1
453 244 1
453 1 1
453 41 1
453 182 1
453 120 1
453 0 1
453 240 1
453 201 1
453 171 1
454 183 1
454 225 1
455 296 1
456 225 1
457 120 1
458 90 1
459 0 1
459 330 1
459 274 1
459 316 1
459 69 1
459 72 1
460 251 1
461 330 1
461 274 1
461 0 1
461 162 1
462 77 1
462 257 1
462 319 1
462 120 1
462 127 1
463 95 1
463 107 1
464 170 1
