225 0 1
30 162 1
402 142 1
48 225 1
325 251 1
269 127 1
388 105 1
26 142 1
51 23 1
415 186 1
352 190 1
151 225 1
49 248 1
180 169 1
447 330 1
95 163 1
124 251 1
107 183 1
188 45 1
353 173 1
424 120 1
444 183 1
245 224 1
270 127 1
385 326 1
199 262 1
351 89 1
114 322 1
351 174 1
373 254 1
298 127 1
249 225 1
336 58 1
203 240 1
13 214 1
11 52 1
100 59 1
408 224 1
47 319 1
378 225 1
168 169 1
2 127 1
259 224 1
239 68 1
401 286 1
161 59 1
341 163 1
218 120 1
183 83 1
152 183 1
141 183 1
210 127 1
36 0 1
410 224 1
248 186 1
214 95 1
330 224 1
310 197 1
204 225 1
328 58 1
96 28 1
135 169 1
297 142 1
417 225 1
289 27 1
26 107 1
27 183 1
136 326 1
87 262 1
4 258 1
208 266 1
403 147 1
118 42 1
234 95 1
310 112 1
416 225 1
172 261 1
370 58 1
208 7 1
180 36 1
267 224 1
426 183 1
433 118 1
351 234 1
182 127 1
109 69 1
150 325 1
99 162 1
379 170 1
1 225 1
3 169 1
126 0 1
401 330 1
351 53 1
201 95 1
89 225 1
155 95 1
9 39 1
448 224 1
167 330 1
453 182 1
313 59 1
302 115 1
238 296 1
297 186 1
220 59 1
403 95 1
399 326 1
105 297 1
115 225 1
9 265 1
137 74 1
334 142 1
17 95 1
129 224 1
36 299 1
455 296 1
21 3 1
215 68 1
88 225 1
43 330 1
228 162 1
397 95 1
375 225 1
29 326 1
388 316 1
300 58 1
393 299 1
276 72 1
351 121 1
389 224 1
225 299 1
228 0 1
174 326 1
208 68 1
401 0 1
352 316 1
128 183 1
246 289 1
331 225 1
324 279 1
275 183 1
175 225 1
223 27 1
25 183 1
293 201 1
34 186 1
344 95 1
167 107 1
145 251 1
354 119 1
110 186 1
433 218 1
424 58 1
150 284 1
174 59 1
224 225 1
215 36 1
293 37 1
294 95 1
67 289 1
401 142 1
179 91 1
37 170 1
157 183 1
99 274 1
339 316 1
348 250 1
238 104 1
207 225 1
447 0 1
106 59 1
453 165 1
256 263 1
138 162 1
270 58 1
272 118 1
236 49 1
68 183 1
47 127 1
451 121 1
288 0 1
220 4 1
30 87 1
294 330 1
318 211 1
306 261 1
10 224 1
180 148 1
63 250 1
101 58 1
123 170 1
142 224 1
136 142 1
110 163 1
366 224 1
35 162 1
414 4 1
401 146 1
351 261 1
239 291 1
274 225 1
244 95 1
422 0 1
401 59 1
415 162 1
26 95 1
250 251 1
300 120 1
407 225 1
421 121 1
427 186 1
120 319 1
104 107 1
404 58 1
353 313 1
126 330 1
217 127 1
93 328 1
166 225 1
99 4 1
321 186 1
205 170 1
288 32 1
122 250 1
433 217 1
282 62 1
310 327 1
351 82 1
441 162 1
102 43 1
305 105 1
239 118 1
29 299 1
35 0 1
223 58 1
12 58 1
403 4 1
328 127 1
188 9 1
187 170 1
105 117 1
82 21 1
318 328 1
329 127 1
236 252 1
154 225 1
273 183 1
30 186 1
31 5 1
220 142 1
30 107 1
192 326 1
441 0 1
388 142 1
321 59 1
428 170 1
298 115 1
181 127 1
300 188 1
351 331 1
249 183 1
144 225 1
77 3 1
197 3 1
237 1 1
3 221 1
125 55 1
295 159 1
169 142 1
403 142 1
315 170 1
255 59 1
36 274 1
220 299 1
459 69 1
26 59 1
110 257 1
260 162 1
99 186 1
94 127 1
52 121 1
433 121 1
158 120 1
42 225 1
412 225 1
102 142 1
447 69 1
4 15 1
188 10 1
348 281 1
167 95 1
248 0 1
193 5 1
431 170 1
51 252 1
210 120 1
433 245 1
65 58 1
453 161 1
283 224 1
392 211 1
462 319 1
4 120 1
225 142 1
402 299 1
149 100 1
136 59 1
390 58 1
332 58 1
105 232 1
401 152 1
460 251 1
239 221 1
365 180 1
216 330 1
322 225 1
332 27 1
302 182 1
442 120 1
184 120 1
219 200 1
388 107 1
96 181 1
402 59 1
87 38 1
30 250 1
54 183 1
373 288 1
442 127 1
237 282 1
46 192 1
334 4 1
171 127 1
268 210 1
211 330 1
350 127 1
210 118 1
344 0 1
143 183 1
165 183 1
0 224 1
151 183 1
443 59 1
202 225 1
311 225 1
456 225 1
63 62 1
189 225 1
46 226 1
251 32 1
219 115 1
34 0 1
452 107 1
67 120 1
260 326 1
388 4 1
103 318 1
28 1 1
46 178 1
118 206 1
385 59 1
135 300 1
414 0 1
210 167 1
262 27 1
351 235 1
209 0 1
137 81 1
373 230 1
62 225 1
9 221 1
215 221 1
75 301 1
348 62 1
63 261 1
288 186 1
63 43 1
215 222 1
351 122 1
358 224 1
208 267 1
29 142 1
380 95 1
238 297 1
99 142 1
89 183 1
364 225 1
46 132 1
297 0 1
360 3 1
69 224 1
14 97 1
36 142 1
340 299 1
233 225 1
413 238 1
388 274 1
447 274 1
208 221 1
199 120 1
9 267 1
305 95 1
291 224 1
302 172 1
386 0 1
155 333 1
338 83 1
405 183 1
162 212 1
191 50 1
106 4 1
306 121 1
409 120 1
186 297 1
168 296 1
299 225 1
65 127 1
6 162 1
287 5 1
323 263 1
239 39 1
25 225 1
109 316 1
437 183 1
110 299 1
339 0 1
155 43 1
351 86 1
327 170 1
345 59 1
292 224 1
310 203 1
225 186 1
351 30 1
351 131 1
192 299 1
167 0 1
273 225 1
351 155 1
453 41 1
158 77 1
172 59 1
29 4 1
435 183 1
346 225 1
210 121 1
319 183 1
246 116 1
40 170 1
172 95 1
239 232 1
241 225 1
34 107 1
445 224 1
210 115 1
349 256 1
351 296 1
351 297 1
4 255 1
168 221 1
415 142 1
228 330 1
14 118 1
63 299 1
172 43 1
236 2 1
108 120 1
361 224 1
177 240 1
280 225 1
225 59 1
435 225 1
272 120 1
280 183 1
406 103 1
454 225 1
381 183 1
351 295 1
105 221 1
137 93 1
5 183 1
351 84 1
134 183 1
243 225 1
405 225 1
317 127 1
94 120 1
66 170 1
36 250 1
215 232 1
9 118 1
148 224 1
298 58 1
371 107 1
433 82 1
244 0 1
391 5 1
138 330 1
180 221 1
447 316 1
90 121 1
82 225 1
351 110 1
34 330 1
318 85 1
27 225 1
351 63 1
110 179 1
285 183 1
32 166 1
180 296 1
318 86 1
57 224 1
30 0 1
420 19 1
236 292 1
188 126 1
288 250 1
71 224 1
109 330 1
99 330 1
208 197 1
450 224 1
229 71 1
42 183 1
253 224 1
417 183 1
305 162 1
213 62 1
251 326 1
430 58 1
390 127 1
342 225 1
46 228 1
41 120 1
201 0 1
300 127 1
385 95 1
22 225 1
241 183 1
377 225 1
260 4 1
393 59 1
352 305 1
36 59 1
251 261 1
156 224 1
108 127 1
260 142 1
17 43 1
144 183 1
312 4 1
76 297 1
36 186 1
2 58 1
247 58 1
385 142 1
19 136 1
106 142 1
425 16 1
186 296 1
378 183 1
316 127 1
340 59 1
281 225 1
121 76 1
138 316 1
348 299 1
126 59 1
54 225 1
46 227 1
411 57 1
235 127 1
285 225 1
265 224 1
18 183 1
296 170 1
321 142 1
146 225 1
447 186 1
51 0 1
200 225 1
260 299 1
168 151 1
351 108 1
351 83 1
130 58 1
7 256 1
277 225 1
12 57 1
333 170 1
210 209 1
334 95 1
415 0 1
171 58 1
329 17 1
221 224 1
308 305 1
434 225 1
351 35 1
13 304 1
64 225 1
100 142 1
326 183 1
421 120 1
447 162 1
317 58 1
459 316 1
208 118 1
58 224 1
254 0 1
264 224 1
345 299 1
112 330 1
248 326 1
437 225 1
278 195 1
348 276 1
233 183 1
443 299 1
298 27 1
318 194 1
6 0 1
46 88 1
132 330 1
105 296 1
362 142 1
457 120 1
72 163 1
41 127 1
453 201 1
351 36 1
242 224 1
67 121 1
119 162 1
209 107 1
443 326 1
401 324 1
453 240 1
302 252 1
370 127 1
215 291 1
158 58 1
16 225 1
203 227 1
60 170 1
403 196 1
63 4 1
5 225 1
213 31 1
17 294 1
73 107 1
225 162 1
214 107 1
380 59 1
439 12 1
335 223 1
382 3 1
206 59 1
439 237 1
110 165 1
443 95 1
320 240 1
359 225 1
95 264 1
9 7 1
110 278 1
446 29 1
181 58 1
453 1 1
153 240 1
96 205 1
13 274 1
269 58 1
305 0 1
458 90 1
158 127 1
200 183 1
351 118 1
459 0 1
279 199 1
12 127 1
392 209 1
401 4 1
76 296 1
432 296 1
433 86 1
367 315 1
210 117 1
352 120 1
379 26 1
459 330 1
422 186 1
321 4 1
236 115 1
60 214 1
275 225 1
464 170 1
61 107 1
332 127 1
288 33 1
391 3 1
351 260 1
351 154 1
352 121 1
463 107 1
56 224 1
380 299 1
441 330 1
212 127 1
38 204 1
96 124 1
384 58 1
345 0 1
36 330 1
174 299 1
173 225 1
248 4 1
237 193 1
429 224 1
353 314 1
271 195 1
43 309 1
20 20 1
55 225 1
169 186 1
461 330 1
84 330 1
463 95 1
260 186 1
427 0 1
98 170 1
4 121 1
60 71 1
13 100 1
190 58 1
260 0 1
104 95 1
120 57 1
351 320 1
462 120 1
351 221 1
234 299 1
248 59 1
397 326 1
401 73 1
399 299 1
106 330 1
244 107 1
117 127 1
388 0 1
172 326 1
55 183 1
368 170 1
201 107 1
371 95 1
386 95 1
314 183 1
254 186 1
461 274 1
439 321 1
225 4 1
254 162 1
362 0 1
356 3 1
208 232 1
331 183 1
288 95 1
461 0 1
53 224 1
52 15 1
453 171 1
376 100 1
141 225 1
169 162 1
359 183 1
371 43 1
436 224 1
261 224 1
311 183 1
143 225 1
196 225 1
134 225 1
70 183 1
244 59 1
51 115 1
305 186 1
385 299 1
77 5 1
351 115 1
110 326 1
116 71 1
423 251 1
168 94 1
44 224 1
81 4 1
339 59 1
101 120 1
441 186 1
163 120 1
345 326 1
92 224 1
254 142 1
1 183 1
39 225 1
286 224 1
370 27 1
418 117 1
185 127 1
264 225 1
426 225 1
128 225 1
258 224 1
288 62 1
380 326 1
248 142 1
251 299 1
453 0 1
432 297 1
320 0 1
256 128 1
397 59 1
228 274 1
276 177 1
236 134 1
216 208 1
412 183 1
223 127 1
304 224 1
433 83 1
208 291 1
35 330 1
399 95 1
231 142 1
301 224 1
348 95 1
351 81 1
402 326 1
83 170 1
167 162 1
319 225 1
350 58 1
168 118 1
310 6 1
462 127 1
401 79 1
255 299 1
244 186 1
374 170 1
295 3 1
276 330 1
35 186 1
321 0 1
171 77 1
210 305 1
416 183 1
410 103 1
357 224 1
314 225 1
80 224 1
46 229 1
406 224 1
13 16 1
399 59 1
96 280 1
159 4 1
113 224 1
173 183 1
167 186 1
239 267 1
424 127 1
257 58 1
215 197 1
26 4 1
4 11 1
414 142 1
208 265 1
160 183 1
70 225 1
310 221 1
90 75 1
318 213 1
419 44 1
351 298 1
137 61 1
294 0 1
117 319 1
398 224 1
192 59 1
328 27 1
108 58 1
388 106 1
81 142 1
61 43 1
297 162 1
169 0 1
288 162 1
440 332 1
231 274 1
400 127 1
401 143 1
433 246 1
83 20 1
12 27 1
313 142 1
211 274 1
459 274 1
34 162 1
351 290 1
231 4 1
313 4 1
100 330 1
4 100 1
127 330 1
239 197 1
165 225 1
63 59 1
340 0 1
8 224 1
257 127 1
449 3 1
337 251 1
231 0 1
453 120 1
278 256 1
373 241 1
72 0 1
381 225 1
287 3 1
213 0 1
422 162 1
202 183 1
347 224 1
303 224 1
103 278 1
9 121 1
193 3 1
110 162 1
372 225 1
164 330 1
321 274 1
140 170 1
310 268 1
46 273 1
351 259 1
438 170 1
34 95 1
136 299 1
198 58 1
43 101 1
403 198 1
427 330 1
440 40 1
348 326 1
439 307 1
